10 21 52 60
30 31 32 74
7 27 87 97 51 17 18 19
1

13 1210 21 52 60
30 31 32 74
7 27 87 97 51 17 18 19
1

13 1210 21 52 60
30 31 32 74
7 27 87 97 51 17 18 19
1

13 1210 21 52 60
30 31 32 74
7 27 87 97 51 17 18 19
1

13 1210 21 52 60
30 31 32 74
7 27 87 97 51 17 18 19
1

13 1210 21 52 60
30 31 32 74
7 27 87 97 51 17 18 19
1

13 1210 21 52 60
30 31 32 74
7 27 87 97 51 17 18 19
1

13 1210 21 52 60
30 31 32 74
7 27 87 97 51 17 18 19
1

13 1210 21 52 60
30 31 32 74
7 27 87 97 51 17 18 19
1

13 1210 21 52 60
30 31 32 74
7 27 87 97 51 17 18 19
1

13 12
